
--- Відкритий текст - IC(r) ---
+-----+----------+
| r   | Avg. IC  |
+-----+----------+
| 2   | 0.05545  |
| 3   | 0.05562  |
| 4   | 0.05576  |
| 5   | 0.05557  |
| 6   | 0.05537  |
| 7   | 0.05495  |
| 8   | 0.05640  |
| 9   | 0.05446  |
| 10  | 0.05558  |
| 11  | 0.05441  |
| 12  | 0.05514  |
| 13  | 0.05424  |
| 14  | 0.05399  |
| 15  | 0.05624  |
| 16  | 0.05534  |
| 17  | 0.05592  |
| 18  | 0.05345  |
| 19  | 0.05810  |
| 20  | 0.05498  |
| 21  | 0.05570  |
| 22  | 0.05552  |
| 23  | 0.05667  |
| 24  | 0.05606  |
| 25  | 0.05688  |
| 26  | 0.05585  |
| 27  | 0.05476  |
| 28  | 0.05416  |
| 29  | 0.05413  |
| 30  | 0.05548  |
+-----+----------+


--- Відкритий текст - D(r) ---
+-----+----------+
| r   | D(r)     |
+-----+----------+
| 2   | 86       |
| 3   | 73       |
| 4   | 72       |
| 5   | 63       |
| 6   | 80       |
| 7   | 79       |
| 8   | 80       |
| 9   | 76       |
| 10  | 71       |
| 11  | 89       |
| 12  | 75       |
| 13  | 66       |
| 14  | 78       |
| 15  | 75       |
| 16  | 65       |
| 17  | 79       |
| 18  | 73       |
| 19  | 101      |
| 20  | 64       |
| 21  | 72       |
| 22  | 57       |
| 23  | 83       |
| 24  | 88       |
| 25  | 85       |
| 26  | 80       |
| 27  | 67       |
| 28  | 65       |
| 29  | 62       |
| 30  | 82       |
+-----+----------+


--- Шифртекст (ключ='да') - IC(r) ---
+-----+----------+
| r   | Avg. IC  |
+-----+----------+
| 2   | 0.05545  |
| 3   | 0.04571  |
| 4   | 0.05576  |
| 5   | 0.04602  |
| 6   | 0.05537  |
| 7   | 0.04503  |
| 8   | 0.05640  |
| 9   | 0.04431  |
| 10  | 0.05558  |
| 11  | 0.04631  |
| 12  | 0.05514  |
| 13  | 0.04558  |
| 14  | 0.05399  |
| 15  | 0.04585  |
| 16  | 0.05534  |
| 17  | 0.04533  |
| 18  | 0.05345  |
| 19  | 0.04716  |
| 20  | 0.05498  |
| 21  | 0.04521  |
| 22  | 0.05552  |
| 23  | 0.04590  |
| 24  | 0.05606  |
| 25  | 0.04857  |
| 26  | 0.05585  |
| 27  | 0.04491  |
| 28  | 0.05416  |
| 29  | 0.04496  |
| 30  | 0.05548  |
+-----+----------+


--- Шифртекст (ключ='да') - D(r) ---
+-----+----------+
| r   | D(r)     |
+-----+----------+
| 2   | 86       |
| 3   | 48       |
| 4   | 72       |
| 5   | 47       |
| 6   | 80       |
| 7   | 51       |
| 8   | 80       |
| 9   | 42       |
| 10  | 71       |
| 11  | 52       |
| 12  | 75       |
| 13  | 48       |
| 14  | 78       |
| 15  | 41       |
| 16  | 65       |
| 17  | 56       |
| 18  | 73       |
| 19  | 49       |
| 20  | 64       |
| 21  | 59       |
| 22  | 57       |
| 23  | 43       |
| 24  | 88       |
| 25  | 54       |
| 26  | 80       |
| 27  | 36       |
| 28  | 65       |
| 29  | 44       |
| 30  | 82       |
+-----+----------+


--- Шифртекст (ключ='дом') - IC(r) ---
+-----+----------+
| r   | Avg. IC  |
+-----+----------+
| 2   | 0.03720  |
| 3   | 0.05562  |
| 4   | 0.03718  |
| 5   | 0.03745  |
| 6   | 0.05537  |
| 7   | 0.03743  |
| 8   | 0.03737  |
| 9   | 0.05446  |
| 10  | 0.03695  |
| 11  | 0.03599  |
| 12  | 0.05514  |
| 13  | 0.03621  |
| 14  | 0.03705  |
| 15  | 0.05624  |
| 16  | 0.03741  |
| 17  | 0.03565  |
| 18  | 0.05345  |
| 19  | 0.03809  |
| 20  | 0.03786  |
| 21  | 0.05570  |
| 22  | 0.03631  |
| 23  | 0.03757  |
| 24  | 0.05606  |
| 25  | 0.03635  |
| 26  | 0.03589  |
| 27  | 0.05476  |
| 28  | 0.03766  |
| 29  | 0.03773  |
| 30  | 0.05548  |
+-----+----------+


--- Шифртекст (ключ='дом') - D(r) ---
+-----+----------+
| r   | D(r)     |
+-----+----------+
| 2   | 37       |
| 3   | 73       |
| 4   | 33       |
| 5   | 39       |
| 6   | 80       |
| 7   | 39       |
| 8   | 37       |
| 9   | 76       |
| 10  | 49       |
| 11  | 36       |
| 12  | 75       |
| 13  | 43       |
| 14  | 46       |
| 15  | 75       |
| 16  | 31       |
| 17  | 32       |
| 18  | 73       |
| 19  | 32       |
| 20  | 43       |
| 21  | 72       |
| 22  | 28       |
| 23  | 40       |
| 24  | 88       |
| 25  | 42       |
| 26  | 34       |
| 27  | 67       |
| 28  | 42       |
| 29  | 34       |
| 30  | 82       |
+-----+----------+


--- Шифртекст (ключ='река') - IC(r) ---
+-----+----------+
| r   | Avg. IC  |
+-----+----------+
| 2   | 0.04409  |
| 3   | 0.03379  |
| 4   | 0.05576  |
| 5   | 0.03348  |
| 6   | 0.04346  |
| 7   | 0.03323  |
| 8   | 0.05640  |
| 9   | 0.03274  |
| 10  | 0.04316  |
| 11  | 0.03463  |
| 12  | 0.05514  |
| 13  | 0.03404  |
| 14  | 0.04313  |
| 15  | 0.03396  |
| 16  | 0.05534  |
| 17  | 0.03217  |
| 18  | 0.04144  |
| 19  | 0.03454  |
| 20  | 0.05498  |
| 21  | 0.03286  |
| 22  | 0.04459  |
| 23  | 0.03486  |
| 24  | 0.05606  |
| 25  | 0.03384  |
| 26  | 0.04449  |
| 27  | 0.03226  |
| 28  | 0.05416  |
| 29  | 0.03390  |
| 30  | 0.04470  |
+-----+----------+


--- Шифртекст (ключ='река') - D(r) ---
+-----+----------+
| r   | D(r)     |
+-----+----------+
| 2   | 45       |
| 3   | 35       |
| 4   | 72       |
| 5   | 31       |
| 6   | 59       |
| 7   | 29       |
| 8   | 80       |
| 9   | 34       |
| 10  | 39       |
| 11  | 34       |
| 12  | 75       |
| 13  | 26       |
| 14  | 49       |
| 15  | 47       |
| 16  | 65       |
| 17  | 30       |
| 18  | 44       |
| 19  | 49       |
| 20  | 64       |
| 21  | 24       |
| 22  | 43       |
| 23  | 42       |
| 24  | 88       |
| 25  | 27       |
| 26  | 44       |
| 27  | 35       |
| 28  | 65       |
| 29  | 31       |
| 30  | 50       |
+-----+----------+


--- Шифртекст (ключ='слово') - IC(r) ---
+-----+----------+
| r   | Avg. IC  |
+-----+----------+
| 2   | 0.03919  |
| 3   | 0.03914  |
| 4   | 0.03921  |
| 5   | 0.05557  |
| 6   | 0.03901  |
| 7   | 0.03871  |
| 8   | 0.03987  |
| 9   | 0.03948  |
| 10  | 0.05558  |
| 11  | 0.03875  |
| 12  | 0.03868  |
| 13  | 0.03869  |
| 14  | 0.03802  |
| 15  | 0.05624  |
| 16  | 0.03908  |
| 17  | 0.03784  |
| 18  | 0.03962  |
| 19  | 0.04022  |
| 20  | 0.05498  |
| 21  | 0.03925  |
| 22  | 0.04004  |
| 23  | 0.03825  |
| 24  | 0.03950  |
| 25  | 0.05688  |
| 26  | 0.03850  |
| 27  | 0.04062  |
| 28  | 0.03811  |
| 29  | 0.03804  |
| 30  | 0.05548  |
+-----+----------+


--- Шифртекст (ключ='слово') - D(r) ---
+-----+----------+
| r   | D(r)     |
+-----+----------+
| 2   | 64       |
| 3   | 53       |
| 4   | 45       |
| 5   | 63       |
| 6   | 50       |
| 7   | 44       |
| 8   | 61       |
| 9   | 41       |
| 10  | 71       |
| 11  | 38       |
| 12  | 39       |
| 13  | 47       |
| 14  | 45       |
| 15  | 75       |
| 16  | 35       |
| 17  | 49       |
| 18  | 47       |
| 19  | 38       |
| 20  | 64       |
| 21  | 50       |
| 22  | 45       |
| 23  | 55       |
| 24  | 47       |
| 25  | 85       |
| 26  | 48       |
| 27  | 63       |
| 28  | 58       |
| 29  | 37       |
| 30  | 82       |
+-----+----------+


--- Шифртекст (ключ='преступлениеинаказание') - IC(r) ---
+-----+----------+
| r   | Avg. IC  |
+-----+----------+
| 2   | 0.03487  |
| 3   | 0.03346  |
| 4   | 0.03465  |
| 5   | 0.03367  |
| 6   | 0.03437  |
| 7   | 0.03365  |
| 8   | 0.03430  |
| 9   | 0.03321  |
| 10  | 0.03523  |
| 11  | 0.04263  |
| 12  | 0.03392  |
| 13  | 0.03489  |
| 14  | 0.03488  |
| 15  | 0.03232  |
| 16  | 0.03395  |
| 17  | 0.03351  |
| 18  | 0.03332  |
| 19  | 0.03264  |
| 20  | 0.03415  |
| 21  | 0.03265  |
| 22  | 0.05552  |
| 23  | 0.03297  |
| 24  | 0.03280  |
| 25  | 0.03239  |
| 26  | 0.03645  |
| 27  | 0.03255  |
| 28  | 0.03337  |
| 29  | 0.03190  |
| 30  | 0.03318  |
+-----+----------+


--- Шифртекст (ключ='преступлениеинаказание') - D(r) ---
+-----+----------+
| r   | D(r)     |
+-----+----------+
| 2   | 48       |
| 3   | 44       |
| 4   | 61       |
| 5   | 48       |
| 6   | 36       |
| 7   | 32       |
| 8   | 53       |
| 9   | 48       |
| 10  | 52       |
| 11  | 44       |
| 12  | 49       |
| 13  | 54       |
| 14  | 44       |
| 15  | 41       |
| 16  | 45       |
| 17  | 41       |
| 18  | 48       |
| 19  | 42       |
| 20  | 46       |
| 21  | 47       |
| 22  | 57       |
| 23  | 38       |
| 24  | 38       |
| 25  | 43       |
| 26  | 52       |
| 27  | 42       |
| 28  | 56       |
| 29  | 41       |
| 30  | 41       |
+-----+----------+

