-51 492
542 755
517 483
788 856
51 554
593 339
568 67
839 440
419 228
-593 711
936 702
246 114
444 514
-568 36
25 299
271 400
173 143
-839 626
715 889
690 617
-447 681
2 838
9 376
10 310
447 365
449 233
456 732
457 666
959 145
-449 817
7 512
8 446
952 621
-456 332
954 489
1 922
951 689
-457 400
953 557
960 95
-51 492
542 755
517 483
788 856
51 554
593 339
568 67
839 440
419 228
-593 711
936 702
246 114
444 514
-568 36
25 299
271 400
173 143
-839 626
715 889
690 617
-141 666
594 206
751 415
87 33
141 380
735 577
892 786
228 404
367 777
-735 473
157 222
454 801
210 582
-892 278
804 779
297 606
874 5
-228 662
507 202
664 411
-139 879
422 147
938 630
188 699
139 167
561 305
116 788
327 857
539 836
-561 745
516 496
727 565
23 367
-116 276
445 505
211 96
773 300
-327 209
234 438
750 921
-785 62
240 256
119 640
239 283
785 23
64 270
904 654
63 297
721 727
-64 780
840 397
960 40
842 357
-904 410
121 604
120 631
722 716
-63 769
1 2
841 386
-514 365
959 145
952 621
951 689
514 681
512 817
505 332
504 400
2 838
-512 233
954 489
953 557
9 376
-505 732
7 512
960 95
10 310
-504 666
8 446
1 922
-822 167
539 836
23 367
773 300
822 879
400 745
845 276
634 209
422 147
-400 305
445 505
234 438
938 630
-845 788
516 496
750 921
188 699
-634 857
727 565
211 96
-822 167
539 836
23 367
773 300
822 879
400 745
845 276
634 209
422 147
-400 305
445 505
234 438
938 630
-845 788
516 496
750 921
188 699
-634 857
727 565
211 96
-743 561
472 587
202 688
438 16
743 485
254 102
945 203
220 492
489 396
-254 948
691 114
927 403
759 309
-945 861
270 887
236 316
523 22
-220 574
34 600
725 701
-139 879
422 147
938 630
188 699
139 167
561 305
116 788
327 857
539 836
-561 745
516 496
727 565
23 367
-116 276
445 505
211 96
773 300
-327 209
234 438
750 921
-785 62
240 256
119 640
239 283
785 23
64 270
904 654
63 297
721 727
-64 780
840 397
960 40
842 357
-904 410
121 604
120 631
722 716
-63 769
1 2
841 386
-176 23
721 727
842 357
722 716
176 62
897 780
57 410
898 769
240 256
-897 270
121 604
1 2
119 640
-57 654
840 397
841 386
239 283
-898 297
960 40
120 631
-218 485
489 396
759 309
523 22
218 561
707 948
16 861
741 574
472 587
-707 102
270 887
34 600
202 688
-16 203
691 114
725 701
438 16
-741 492
927 403
236 316
-176 23
721 727
842 357
722 716
176 62
897 780
57 410
898 769
240 256
-897 270
121 604
1 2
119 640
-57 654
840 397
841 386
239 283
-898 297
960 40
120 631
