701 614
428 309
320 913
452 10
92 369
850 340
89 562
158 561
771 861
803 719
531 123
533 603
76 262
661 351
390 10
926 954
548 367
800 677
430 830
371 152
176 361
927 409
467 525
512 612
712 582
190 51
571 307
727 448
111 615
549 203
135 197
210 90
34 871
785 919
929 582
769 72
941 510
605 79
298 178
927 84
145 805
165 588
221 489
879 135
580 925
889 960
458 117
664 103
23 479
225 196
98 219
838 539
412 513
937 725
754 954
804 610
788 245
438 123
503 243
752 801
562 448
203 55
544 650
724 553
35 919
499 526
296 57
72 913
399 51
397 634
444 504
412 396
761 220
237 727
356 281
68 287
903 78
736 154
15 653
884 19
641 960
207 960
82 215
358 55
50 430
517 774
549 925
491 337
590 523
470 616
32 134
663 538
300 367
582 119
156 322
399 830
911 850
430 934
571 665
826 153
885 413
796 365
189 526
872 113
805 633
77 699
509 665
200 733
58 640
809 731
863 131
249 134
915 178
772 785
893 666
740 789
213 733
816 473
152 948
297 613
603 262
571 706
198 259
946 668
12 44
504 433
751 865
413 351
138 888
172 14
562 904
523 830
938 801
525 391
903 315
161 41
24 911
20 770
763 457
46 734
665 898
14 107
157 711
457 878
417 305
625 343
494 796
903 671
564 278
949 275
531 702
758 262
449 300
123 416
173 72
823 65
462 785
379 241
789 661
481 453
862 108
234 268
869 306
336 7
209 479
192 646
381 396
99 845
436 887
260 707
912 340
748 946
34 828
947 609
480 265
49 615
