============================================================
                  Аналіз тексту: З пробілами                 
============================================================

  Кількість символів: 481772

  Ентропія та надмірність:
  H1: 4.3806009832
  H2 (Перетин): 3.9867481442
  H2 (Без перетину): 3.9860940316

  R1: 0.1389419206
  R2 (Перетин): 0.2163582775
  R2 (Без перетину): 0.2164868509

  Частота букв
  -------------------------
  | Символ | Частота      |
  -------------------------
  | ␣      | 0,1665518129 |
  | о      | 0,0940548641 |
  | а      | 0,0696636583 |
  | е      | 0,0662221964 |
  | и      | 0,0559953671 |
  | н      | 0,0545590030 |
  | т      | 0,0471426318 |
  | с      | 0,0430743173 |
  | л      | 0,0413805701 |
  | в      | 0,0381404482 |
  | р      | 0,0377419194 |
  | к      | 0,0306680338 |
  | м      | 0,0253377116 |
  | д      | 0,0252110957 |
  | у      | 0,0237415209 |
  | п      | 0,0216450935 |
  | я      | 0,0195984823 |
  | г      | 0,0170246507 |
  | ь      | 0,0162877876 |
  | ы      | 0,0158228374 |
  | з      | 0,0147580183 |
  | б      | 0,0144653488 |
  | ч      | 0,0114826100 |
  | й      | 0,0097099873 |
  | ж      | 0,0084687362 |
  | ш      | 0,0077090408 |
  | х      | 0,0071465340 |
  | ю      | 0,0057184726 |
  | ц      | 0,0034559916 |
  | э      | 0,0024285347 |
  | щ      | 0,0023558862 |
  | ф      | 0,0019843411 |
  | ъ      | 0,0004317395 |
  | ё      | 0,0000207567 |
  -------------------------


  Матриця частот біграм (Перетин)

          ␣      а      б      в      г      д      е      ж      з      и      й      к      л      м      н      о      п      р      с      т      у      ф      х      ц      ч      ш      щ      ъ      ы      ь      э      ю      я      ё
  --------------------------------------------------------------------------------------------------------------------------------------------------------------------------------------------------------------------------------------------------
␣  |  0,0074 0,0029 0,0072 0,0148 0,0051 0,0068 0,0036 0,0017 0,0040 0,0105 0,0000 0,0109 0,0025 0,0059 0,0145 0,0114 0,0154 0,0039 0,0152 0,0064 0,0038 0,0008 0,0013 0,0003 0,0050 0,0010 0,0001 0,0000 0,0000 0,0000 0,0023 0,0001 0,0016 0,0000 |
а  |  0,0165 0,0000 0,0007 0,0033 0,0009 0,0020 0,0010 0,0012 0,0041 0,0002 0,0009 0,0043 0,0083 0,0028 0,0050 0,0000 0,0007 0,0024 0,0036 0,0045 0,0001 0,0005 0,0010 0,0001 0,0007 0,0009 0,0002 0,0000 0,0000 0,0000 0,0000 0,0008 0,0030 0,0000 |
б  |  0,0002 0,0011 0,0000 0,0000 0,0000 0,0000 0,0019 0,0000 0,0000 0,0008 0,0000 0,0003 0,0007 0,0000 0,0003 0,0023 0,0000 0,0013 0,0001 0,0000 0,0014 0,0000 0,0001 0,0000 0,0000 0,0000 0,0002 0,0001 0,0033 0,0000 0,0000 0,0000 0,0005 0,0000 |
в  |  0,0056 0,0055 0,0000 0,0000 0,0000 0,0003 0,0043 0,0000 0,0005 0,0034 0,0000 0,0001 0,0010 0,0001 0,0014 0,0071 0,0003 0,0005 0,0029 0,0002 0,0007 0,0000 0,0000 0,0000 0,0000 0,0011 0,0000 0,0000 0,0028 0,0001 0,0000 0,0000 0,0001 0,0000 |
г  |  0,0009 0,0010 0,0000 0,0000 0,0000 0,0009 0,0006 0,0000 0,0000 0,0008 0,0000 0,0001 0,0016 0,0000 0,0003 0,0086 0,0000 0,0014 0,0000 0,0000 0,0008 0,0000 0,0000 0,0000 0,0000 0,0000 0,0000 0,0000 0,0000 0,0000 0,0000 0,0000 0,0000 0,0000 |
д  |  0,0010 0,0037 0,0000 0,0009 0,0000 0,0000 0,0042 0,0000 0,0000 0,0026 0,0000 0,0002 0,0006 0,0001 0,0017 0,0035 0,0001 0,0020 0,0003 0,0004 0,0015 0,0000 0,0001 0,0002 0,0000 0,0001 0,0000 0,0003 0,0006 0,0004 0,0000 0,0000 0,0004 0,0000 |
е  |  0,0160 0,0000 0,0010 0,0013 0,0032 0,0023 0,0013 0,0009 0,0011 0,0001 0,0022 0,0010 0,0059 0,0037 0,0066 0,0002 0,0009 0,0066 0,0036 0,0037 0,0001 0,0000 0,0010 0,0003 0,0009 0,0008 0,0007 0,0000 0,0000 0,0000 0,0000 0,0004 0,0004 0,0000 |
ж  |  0,0002 0,0014 0,0001 0,0000 0,0000 0,0006 0,0035 0,0000 0,0000 0,0011 0,0000 0,0001 0,0000 0,0000 0,0010 0,0001 0,0000 0,0000 0,0000 0,0000 0,0002 0,0000 0,0000 0,0000 0,0000 0,0000 0,0000 0,0000 0,0000 0,0000 0,0000 0,0000 0,0000 0,0000 |
з  |  0,0011 0,0054 0,0001 0,0008 0,0004 0,0007 0,0002 0,0001 0,0001 0,0003 0,0000 0,0001 0,0002 0,0002 0,0015 0,0006 0,0000 0,0002 0,0001 0,0000 0,0003 0,0000 0,0000 0,0000 0,0000 0,0000 0,0000 0,0000 0,0005 0,0010 0,0000 0,0001 0,0005 0,0000 |
и  |  0,0175 0,0001 0,0005 0,0027 0,0005 0,0018 0,0023 0,0003 0,0017 0,0006 0,0014 0,0019 0,0048 0,0029 0,0033 0,0002 0,0003 0,0007 0,0027 0,0034 0,0000 0,0000 0,0015 0,0014 0,0011 0,0004 0,0001 0,0000 0,0000 0,0000 0,0000 0,0003 0,0015 0,0000 |
й  |  0,0077 0,0000 0,0000 0,0000 0,0000 0,0002 0,0000 0,0000 0,0000 0,0000 0,0000 0,0000 0,0002 0,0001 0,0004 0,0000 0,0000 0,0000 0,0006 0,0003 0,0000 0,0000 0,0000 0,0000 0,0001 0,0001 0,0000 0,0000 0,0000 0,0000 0,0000 0,0000 0,0000 0,0000 |
к  |  0,0048 0,0077 0,0000 0,0002 0,0000 0,0000 0,0005 0,0000 0,0000 0,0026 0,0000 0,0000 0,0004 0,0000 0,0022 0,0084 0,0000 0,0018 0,0001 0,0004 0,0016 0,0000 0,0000 0,0000 0,0000 0,0000 0,0000 0,0000 0,0000 0,0000 0,0000 0,0000 0,0000 0,0000 |
л  |  0,0075 0,0065 0,0000 0,0000 0,0001 0,0003 0,0033 0,0004 0,0000 0,0061 0,0000 0,0008 0,0001 0,0000 0,0003 0,0061 0,0001 0,0000 0,0014 0,0000 0,0012 0,0000 0,0000 0,0000 0,0002 0,0000 0,0000 0,0000 0,0012 0,0033 0,0000 0,0008 0,0017 0,0000 |
м  |  0,0073 0,0027 0,0000 0,0000 0,0001 0,0000 0,0028 0,0000 0,0000 0,0037 0,0000 0,0001 0,0001 0,0000 0,0011 0,0036 0,0002 0,0000 0,0001 0,0001 0,0022 0,0000 0,0000 0,0000 0,0000 0,0000 0,0000 0,0000 0,0006 0,0000 0,0000 0,0000 0,0004 0,0000 |
н  |  0,0041 0,0101 0,0000 0,0000 0,0002 0,0012 0,0086 0,0000 0,0000 0,0067 0,0000 0,0002 0,0000 0,0000 0,0029 0,0082 0,0000 0,0000 0,0004 0,0007 0,0028 0,0000 0,0000 0,0005 0,0002 0,0001 0,0001 0,0000 0,0030 0,0010 0,0000 0,0002 0,0033 0,0000 |
о  |  0,0202 0,0000 0,0031 0,0079 0,0045 0,0046 0,0020 0,0016 0,0008 0,0008 0,0035 0,0018 0,0067 0,0049 0,0063 0,0002 0,0011 0,0061 0,0061 0,0066 0,0000 0,0005 0,0006 0,0001 0,0013 0,0012 0,0001 0,0000 0,0000 0,0000 0,0000 0,0008 0,0007 0,0000 |
п  |  0,0000 0,0012 0,0000 0,0000 0,0000 0,0000 0,0023 0,0000 0,0000 0,0007 0,0000 0,0001 0,0007 0,0000 0,0001 0,0086 0,0001 0,0060 0,0000 0,0001 0,0006 0,0000 0,0000 0,0000 0,0000 0,0000 0,0000 0,0000 0,0002 0,0006 0,0000 0,0000 0,0004 0,0000 |
р  |  0,0013 0,0081 0,0001 0,0002 0,0002 0,0003 0,0059 0,0004 0,0000 0,0053 0,0000 0,0003 0,0001 0,0002 0,0007 0,0065 0,0000 0,0000 0,0002 0,0007 0,0029 0,0000 0,0001 0,0002 0,0001 0,0002 0,0001 0,0000 0,0014 0,0007 0,0000 0,0002 0,0010 0,0000 |
с  |  0,0030 0,0013 0,0001 0,0018 0,0000 0,0003 0,0034 0,0000 0,0000 0,0016 0,0000 0,0046 0,0022 0,0011 0,0007 0,0024 0,0016 0,0002 0,0006 0,0102 0,0005 0,0000 0,0002 0,0000 0,0003 0,0001 0,0000 0,0000 0,0004 0,0032 0,0000 0,0001 0,0030 0,0000 |
т  |  0,0047 0,0053 0,0000 0,0020 0,0000 0,0001 0,0046 0,0000 0,0000 0,0032 0,0000 0,0004 0,0003 0,0001 0,0009 0,0125 0,0001 0,0028 0,0008 0,0001 0,0016 0,0000 0,0000 0,0001 0,0002 0,0000 0,0000 0,0000 0,0016 0,0050 0,0000 0,0001 0,0005 0,0000 |
у  |  0,0066 0,0001 0,0005 0,0007 0,0012 0,0018 0,0001 0,0012 0,0008 0,0000 0,0001 0,0010 0,0016 0,0009 0,0003 0,0001 0,0005 0,0006 0,0013 0,0014 0,0000 0,0000 0,0003 0,0000 0,0007 0,0006 0,0002 0,0000 0,0000 0,0000 0,0000 0,0010 0,0001 0,0000 |
ф  |  0,0002 0,0002 0,0000 0,0000 0,0000 0,0000 0,0001 0,0000 0,0000 0,0007 0,0000 0,0000 0,0001 0,0000 0,0000 0,0001 0,0000 0,0005 0,0000 0,0000 0,0001 0,0000 0,0000 0,0000 0,0000 0,0000 0,0000 0,0000 0,0000 0,0000 0,0000 0,0000 0,0000 0,0000 |
х  |  0,0029 0,0009 0,0000 0,0001 0,0000 0,0000 0,0000 0,0000 0,0000 0,0002 0,0000 0,0000 0,0001 0,0000 0,0001 0,0024 0,0000 0,0001 0,0000 0,0000 0,0002 0,0000 0,0000 0,0000 0,0000 0,0000 0,0000 0,0000 0,0000 0,0000 0,0000 0,0000 0,0000 0,0000 |
ц  |  0,0003 0,0006 0,0000 0,0000 0,0000 0,0000 0,0011 0,0000 0,0000 0,0002 0,0000 0,0002 0,0000 0,0000 0,0000 0,0005 0,0000 0,0000 0,0000 0,0000 0,0005 0,0000 0,0000 0,0000 0,0000 0,0000 0,0000 0,0000 0,0001 0,0000 0,0000 0,0000 0,0000 0,0000 |
ч  |  0,0001 0,0021 0,0000 0,0000 0,0000 0,0000 0,0030 0,0000 0,0000 0,0012 0,0000 0,0003 0,0000 0,0000 0,0005 0,0001 0,0000 0,0000 0,0000 0,0033 0,0005 0,0000 0,0000 0,0000 0,0000 0,0001 0,0000 0,0000 0,0000 0,0002 0,0000 0,0000 0,0000 0,0000 |
ш  |  0,0001 0,0012 0,0000 0,0000 0,0000 0,0000 0,0021 0,0000 0,0000 0,0018 0,0000 0,0004 0,0004 0,0000 0,0004 0,0003 0,0000 0,0000 0,0000 0,0002 0,0003 0,0000 0,0000 0,0000 0,0000 0,0000 0,0000 0,0000 0,0000 0,0004 0,0000 0,0000 0,0000 0,0000 |
щ  |  0,0000 0,0005 0,0000 0,0000 0,0000 0,0000 0,0011 0,0000 0,0000 0,0006 0,0000 0,0000 0,0000 0,0000 0,0000 0,0000 0,0000 0,0000 0,0000 0,0000 0,0001 0,0000 0,0000 0,0000 0,0000 0,0000 0,0000 0,0000 0,0000 0,0000 0,0000 0,0000 0,0000 0,0000 |
ъ  |  0,0000 0,0000 0,0000 0,0000 0,0000 0,0000 0,0002 0,0000 0,0000 0,0000 0,0000 0,0000 0,0000 0,0000 0,0000 0,0000 0,0000 0,0000 0,0000 0,0000 0,0000 0,0000 0,0000 0,0000 0,0000 0,0000 0,0000 0,0000 0,0000 0,0000 0,0000 0,0002 0,0001 0,0000 |
ы  |  0,0042 0,0000 0,0006 0,0011 0,0001 0,0001 0,0010 0,0000 0,0000 0,0000 0,0015 0,0002 0,0020 0,0014 0,0004 0,0000 0,0001 0,0004 0,0008 0,0005 0,0000 0,0000 0,0008 0,0000 0,0001 0,0005 0,0000 0,0000 0,0000 0,0000 0,0000 0,0000 0,0000 0,0000 |
ь  |  0,0102 0,0000 0,0001 0,0000 0,0000 0,0000 0,0010 0,0000 0,0001 0,0001 0,0000 0,0010 0,0000 0,0003 0,0010 0,0000 0,0000 0,0000 0,0008 0,0001 0,0000 0,0000 0,0000 0,0001 0,0000 0,0004 0,0000 0,0000 0,0000 0,0000 0,0000 0,0004 0,0004 0,0000 |
э  |  0,0000 0,0000 0,0000 0,0000 0,0000 0,0000 0,0000 0,0000 0,0000 0,0000 0,0000 0,0001 0,0000 0,0000 0,0001 0,0000 0,0000 0,0001 0,0001 0,0020 0,0000 0,0000 0,0000 0,0000 0,0000 0,0000 0,0000 0,0000 0,0000 0,0000 0,0000 0,0000 0,0000 0,0000 |
ю  |  0,0035 0,0000 0,0003 0,0000 0,0000 0,0003 0,0000 0,0000 0,0000 0,0000 0,0000 0,0000 0,0001 0,0000 0,0001 0,0000 0,0000 0,0001 0,0001 0,0005 0,0000 0,0000 0,0000 0,0000 0,0001 0,0001 0,0004 0,0000 0,0000 0,0000 0,0000 0,0000 0,0000 0,0000 |
я  |  0,0112 0,0000 0,0000 0,0002 0,0003 0,0007 0,0001 0,0004 0,0015 0,0000 0,0000 0,0001 0,0009 0,0004 0,0006 0,0000 0,0000 0,0000 0,0009 0,0014 0,0000 0,0000 0,0001 0,0000 0,0001 0,0000 0,0002 0,0000 0,0000 0,0000 0,0000 0,0001 0,0002 0,0000 |
ё  |  0,0000 0,0000 0,0000 0,0000 0,0000 0,0000 0,0000 0,0000 0,0000 0,0000 0,0000 0,0000 0,0000 0,0000 0,0000 0,0000 0,0000 0,0000 0,0000 0,0000 0,0000 0,0000 0,0000 0,0000 0,0000 0,0000 0,0000 0,0000 0,0000 0,0000 0,0000 0,0000 0,0000 0,0000 |
  --------------------------------------------------------------------------------------------------------------------------------------------------------------------------------------------------------------------------------------------------


  Матриця частот біграм (Без перетину)

          ␣      а      б      в      г      д      е      ж      з      и      й      к      л      м      н      о      п      р      с      т      у      ф      х      ц      ч      ш      щ      ъ      ы      ь      э      ю      я      ё
  --------------------------------------------------------------------------------------------------------------------------------------------------------------------------------------------------------------------------------------------------
␣  |  0,0074 0,0028 0,0070 0,0151 0,0054 0,0067 0,0036 0,0018 0,0039 0,0107 0,0000 0,0110 0,0026 0,0059 0,0143 0,0113 0,0155 0,0040 0,0153 0,0064 0,0038 0,0008 0,0013 0,0003 0,0050 0,0011 0,0001 0,0000 0,0000 0,0000 0,0023 0,0001 0,0016 0,0000 |
а  |  0,0165 0,0000 0,0007 0,0033 0,0009 0,0020 0,0010 0,0012 0,0041 0,0002 0,0009 0,0043 0,0084 0,0029 0,0051 0,0000 0,0007 0,0024 0,0034 0,0045 0,0001 0,0005 0,0009 0,0001 0,0007 0,0008 0,0003 0,0000 0,0000 0,0000 0,0000 0,0009 0,0030 0,0000 |
б  |  0,0002 0,0011 0,0000 0,0000 0,0000 0,0000 0,0019 0,0000 0,0000 0,0007 0,0000 0,0003 0,0007 0,0000 0,0003 0,0024 0,0000 0,0013 0,0001 0,0000 0,0013 0,0000 0,0001 0,0000 0,0000 0,0000 0,0001 0,0001 0,0033 0,0000 0,0000 0,0000 0,0005 0,0000 |
в  |  0,0057 0,0056 0,0000 0,0000 0,0000 0,0002 0,0042 0,0000 0,0005 0,0034 0,0000 0,0002 0,0010 0,0001 0,0014 0,0069 0,0002 0,0005 0,0029 0,0002 0,0007 0,0000 0,0000 0,0000 0,0000 0,0012 0,0000 0,0000 0,0027 0,0002 0,0000 0,0000 0,0001 0,0000 |
г  |  0,0008 0,0010 0,0000 0,0000 0,0000 0,0008 0,0006 0,0000 0,0000 0,0008 0,0000 0,0001 0,0015 0,0000 0,0003 0,0082 0,0000 0,0013 0,0001 0,0000 0,0008 0,0000 0,0000 0,0000 0,0000 0,0000 0,0000 0,0000 0,0000 0,0000 0,0000 0,0000 0,0000 0,0000 |
д  |  0,0010 0,0038 0,0000 0,0009 0,0000 0,0000 0,0043 0,0000 0,0000 0,0025 0,0000 0,0002 0,0006 0,0002 0,0017 0,0035 0,0001 0,0020 0,0003 0,0004 0,0015 0,0000 0,0001 0,0002 0,0000 0,0001 0,0000 0,0003 0,0006 0,0004 0,0000 0,0000 0,0004 0,0000 |
е  |  0,0160 0,0000 0,0010 0,0014 0,0034 0,0023 0,0012 0,0008 0,0011 0,0001 0,0021 0,0011 0,0060 0,0037 0,0069 0,0002 0,0009 0,0065 0,0037 0,0037 0,0001 0,0000 0,0010 0,0003 0,0009 0,0008 0,0007 0,0000 0,0000 0,0000 0,0000 0,0004 0,0004 0,0000 |
ж  |  0,0002 0,0013 0,0001 0,0000 0,0000 0,0007 0,0035 0,0000 0,0000 0,0011 0,0000 0,0001 0,0000 0,0000 0,0011 0,0001 0,0000 0,0000 0,0000 0,0000 0,0002 0,0000 0,0000 0,0000 0,0000 0,0000 0,0000 0,0000 0,0000 0,0000 0,0000 0,0000 0,0000 0,0000 |
з  |  0,0011 0,0054 0,0002 0,0008 0,0004 0,0006 0,0002 0,0001 0,0001 0,0003 0,0000 0,0001 0,0002 0,0002 0,0016 0,0007 0,0000 0,0002 0,0001 0,0000 0,0003 0,0000 0,0000 0,0000 0,0000 0,0000 0,0000 0,0000 0,0005 0,0011 0,0000 0,0001 0,0005 0,0000 |
и  |  0,0175 0,0001 0,0006 0,0026 0,0005 0,0018 0,0023 0,0003 0,0016 0,0006 0,0014 0,0018 0,0049 0,0028 0,0033 0,0002 0,0002 0,0007 0,0027 0,0035 0,0000 0,0000 0,0016 0,0014 0,0011 0,0004 0,0001 0,0000 0,0000 0,0000 0,0000 0,0002 0,0014 0,0000 |
й  |  0,0076 0,0000 0,0000 0,0000 0,0000 0,0001 0,0000 0,0000 0,0000 0,0000 0,0000 0,0001 0,0002 0,0000 0,0003 0,0000 0,0000 0,0000 0,0005 0,0004 0,0000 0,0000 0,0000 0,0001 0,0001 0,0001 0,0000 0,0000 0,0000 0,0000 0,0000 0,0000 0,0000 0,0000 |
к  |  0,0048 0,0074 0,0000 0,0002 0,0000 0,0000 0,0004 0,0000 0,0000 0,0026 0,0000 0,0001 0,0004 0,0000 0,0021 0,0085 0,0000 0,0018 0,0000 0,0004 0,0016 0,0000 0,0000 0,0000 0,0000 0,0000 0,0000 0,0000 0,0000 0,0000 0,0000 0,0000 0,0000 0,0000 |
л  |  0,0072 0,0065 0,0000 0,0000 0,0001 0,0003 0,0032 0,0004 0,0000 0,0062 0,0000 0,0008 0,0001 0,0000 0,0002 0,0061 0,0001 0,0000 0,0014 0,0001 0,0012 0,0000 0,0000 0,0000 0,0002 0,0000 0,0000 0,0000 0,0012 0,0035 0,0000 0,0009 0,0017 0,0000 |
м  |  0,0072 0,0027 0,0000 0,0000 0,0001 0,0000 0,0028 0,0000 0,0000 0,0038 0,0000 0,0001 0,0001 0,0000 0,0012 0,0037 0,0002 0,0000 0,0002 0,0001 0,0022 0,0000 0,0000 0,0000 0,0000 0,0000 0,0000 0,0000 0,0007 0,0000 0,0000 0,0000 0,0004 0,0000 |
н  |  0,0040 0,0101 0,0000 0,0000 0,0002 0,0011 0,0087 0,0000 0,0000 0,0067 0,0000 0,0002 0,0000 0,0000 0,0029 0,0081 0,0000 0,0001 0,0004 0,0007 0,0028 0,0000 0,0000 0,0005 0,0002 0,0000 0,0001 0,0000 0,0030 0,0009 0,0000 0,0002 0,0033 0,0000 |
о  |  0,0203 0,0000 0,0031 0,0078 0,0046 0,0045 0,0020 0,0016 0,0008 0,0007 0,0037 0,0019 0,0066 0,0050 0,0062 0,0002 0,0011 0,0061 0,0062 0,0065 0,0000 0,0005 0,0005 0,0001 0,0014 0,0012 0,0001 0,0000 0,0000 0,0000 0,0000 0,0009 0,0007 0,0000 |
п  |  0,0000 0,0012 0,0000 0,0000 0,0000 0,0000 0,0023 0,0000 0,0000 0,0007 0,0000 0,0001 0,0007 0,0000 0,0001 0,0085 0,0001 0,0060 0,0000 0,0001 0,0006 0,0000 0,0000 0,0000 0,0000 0,0000 0,0000 0,0000 0,0002 0,0006 0,0000 0,0000 0,0003 0,0000 |
р  |  0,0013 0,0081 0,0001 0,0002 0,0002 0,0003 0,0058 0,0004 0,0000 0,0053 0,0000 0,0003 0,0001 0,0002 0,0007 0,0067 0,0000 0,0000 0,0002 0,0008 0,0028 0,0000 0,0001 0,0002 0,0001 0,0002 0,0001 0,0000 0,0014 0,0007 0,0000 0,0002 0,0010 0,0000 |
с  |  0,0030 0,0013 0,0001 0,0017 0,0000 0,0003 0,0034 0,0000 0,0000 0,0016 0,0000 0,0049 0,0022 0,0011 0,0007 0,0025 0,0016 0,0002 0,0006 0,0102 0,0005 0,0000 0,0002 0,0000 0,0003 0,0001 0,0000 0,0000 0,0004 0,0033 0,0000 0,0001 0,0030 0,0000 |
т  |  0,0047 0,0056 0,0000 0,0021 0,0000 0,0001 0,0045 0,0000 0,0000 0,0032 0,0000 0,0004 0,0002 0,0001 0,0009 0,0124 0,0001 0,0027 0,0007 0,0001 0,0016 0,0000 0,0000 0,0001 0,0002 0,0000 0,0000 0,0000 0,0015 0,0049 0,0000 0,0000 0,0005 0,0000 |
у  |  0,0065 0,0000 0,0005 0,0007 0,0012 0,0019 0,0001 0,0012 0,0007 0,0000 0,0001 0,0010 0,0016 0,0008 0,0003 0,0001 0,0006 0,0006 0,0013 0,0013 0,0000 0,0000 0,0004 0,0000 0,0007 0,0006 0,0002 0,0000 0,0000 0,0000 0,0000 0,0010 0,0001 0,0000 |
ф  |  0,0002 0,0002 0,0000 0,0000 0,0000 0,0000 0,0002 0,0000 0,0000 0,0007 0,0000 0,0000 0,0001 0,0000 0,0000 0,0001 0,0000 0,0004 0,0000 0,0000 0,0001 0,0000 0,0000 0,0000 0,0000 0,0000 0,0000 0,0000 0,0000 0,0000 0,0000 0,0000 0,0000 0,0000 |
х  |  0,0028 0,0009 0,0000 0,0001 0,0000 0,0000 0,0000 0,0000 0,0000 0,0002 0,0000 0,0000 0,0000 0,0000 0,0002 0,0024 0,0000 0,0001 0,0000 0,0000 0,0001 0,0000 0,0000 0,0000 0,0000 0,0000 0,0000 0,0000 0,0000 0,0000 0,0000 0,0000 0,0000 0,0000 |
ц  |  0,0003 0,0006 0,0000 0,0000 0,0000 0,0000 0,0010 0,0000 0,0000 0,0002 0,0000 0,0002 0,0000 0,0000 0,0000 0,0004 0,0000 0,0000 0,0000 0,0000 0,0005 0,0000 0,0000 0,0000 0,0000 0,0000 0,0000 0,0000 0,0001 0,0000 0,0000 0,0000 0,0000 0,0000 |
ч  |  0,0001 0,0021 0,0000 0,0000 0,0000 0,0000 0,0030 0,0000 0,0000 0,0012 0,0000 0,0003 0,0000 0,0000 0,0005 0,0001 0,0000 0,0000 0,0000 0,0034 0,0005 0,0000 0,0000 0,0000 0,0000 0,0001 0,0000 0,0000 0,0000 0,0002 0,0000 0,0000 0,0000 0,0000 |
ш  |  0,0001 0,0012 0,0000 0,0000 0,0000 0,0000 0,0021 0,0000 0,0000 0,0018 0,0000 0,0004 0,0004 0,0000 0,0004 0,0003 0,0000 0,0000 0,0000 0,0002 0,0004 0,0000 0,0000 0,0000 0,0000 0,0000 0,0000 0,0000 0,0000 0,0004 0,0000 0,0000 0,0000 0,0000 |
щ  |  0,0000 0,0004 0,0000 0,0000 0,0000 0,0000 0,0011 0,0000 0,0000 0,0007 0,0000 0,0000 0,0000 0,0000 0,0000 0,0000 0,0000 0,0000 0,0000 0,0000 0,0001 0,0000 0,0000 0,0000 0,0000 0,0000 0,0000 0,0000 0,0000 0,0000 0,0000 0,0000 0,0000 0,0000 |
ъ  |  0,0000 0,0000 0,0000 0,0000 0,0000 0,0000 0,0002 0,0000 0,0000 0,0000 0,0000 0,0000 0,0000 0,0000 0,0000 0,0000 0,0000 0,0000 0,0000 0,0000 0,0000 0,0000 0,0000 0,0000 0,0000 0,0000 0,0000 0,0000 0,0000 0,0000 0,0000 0,0002 0,0001 0,0000 |
ы  |  0,0043 0,0000 0,0005 0,0011 0,0001 0,0001 0,0009 0,0000 0,0000 0,0000 0,0016 0,0002 0,0019 0,0014 0,0004 0,0000 0,0002 0,0004 0,0007 0,0004 0,0000 0,0000 0,0009 0,0000 0,0002 0,0006 0,0000 0,0000 0,0000 0,0000 0,0000 0,0000 0,0000 0,0000 |
ь  |  0,0103 0,0000 0,0001 0,0000 0,0001 0,0000 0,0011 0,0000 0,0001 0,0001 0,0000 0,0010 0,0000 0,0002 0,0010 0,0000 0,0000 0,0000 0,0009 0,0001 0,0000 0,0000 0,0000 0,0001 0,0000 0,0004 0,0000 0,0000 0,0000 0,0000 0,0000 0,0004 0,0003 0,0000 |
э  |  0,0000 0,0000 0,0000 0,0000 0,0000 0,0000 0,0000 0,0000 0,0000 0,0000 0,0000 0,0000 0,0000 0,0000 0,0000 0,0000 0,0000 0,0000 0,0001 0,0021 0,0000 0,0000 0,0000 0,0000 0,0000 0,0000 0,0000 0,0000 0,0000 0,0000 0,0000 0,0000 0,0000 0,0000 |
ю  |  0,0035 0,0000 0,0003 0,0000 0,0000 0,0003 0,0000 0,0000 0,0000 0,0000 0,0000 0,0000 0,0001 0,0000 0,0001 0,0000 0,0000 0,0001 0,0001 0,0005 0,0000 0,0000 0,0000 0,0000 0,0001 0,0001 0,0004 0,0000 0,0000 0,0000 0,0000 0,0000 0,0000 0,0000 |
я  |  0,0112 0,0000 0,0000 0,0002 0,0003 0,0006 0,0001 0,0004 0,0014 0,0000 0,0000 0,0001 0,0008 0,0004 0,0005 0,0000 0,0000 0,0001 0,0010 0,0015 0,0000 0,0000 0,0001 0,0000 0,0001 0,0000 0,0001 0,0000 0,0000 0,0000 0,0000 0,0001 0,0003 0,0000 |
ё  |  0,0000 0,0000 0,0000 0,0000 0,0000 0,0000 0,0000 0,0000 0,0000 0,0000 0,0000 0,0000 0,0000 0,0000 0,0000 0,0000 0,0000 0,0000 0,0000 0,0000 0,0000 0,0000 0,0000 0,0000 0,0000 0,0000 0,0000 0,0000 0,0000 0,0000 0,0000 0,0000 0,0000 0,0000 |
  --------------------------------------------------------------------------------------------------------------------------------------------------------------------------------------------------------------------------------------------------


======================================================================

============================================================
                  Аналіз тексту: Без пробілів                
============================================================

  Кількість символів: 401532

  Ентропія та надмірність:
  H1: 4.4763974173
  H2 (Перетин): 4.1568494291
  H2 (Без перетину): 4.1556318612

  R1: 0.1125995885
  R2 (Перетин): 0.1759467380
  R2 (Без перетину): 0.1761881085

  Частота букв
  -------------------------
  | Символ | Частота      |
  -------------------------
  | о      | 0,1128502834 |
  | а      | 0,0835848699 |
  | е      | 0,0794556847 |
  | и      | 0,0671851808 |
  | н      | 0,0654617814 |
  | т      | 0,0565633623 |
  | с      | 0,0516820577 |
  | л      | 0,0496498411 |
  | в      | 0,0457622307 |
  | р      | 0,0452840620 |
  | к      | 0,0367965691 |
  | м      | 0,0304010639 |
  | д      | 0,0302491458 |
  | у      | 0,0284858990 |
  | п      | 0,0259705329 |
  | я      | 0,0235149378 |
  | г      | 0,0204267655 |
  | ь      | 0,0195426516 |
  | ы      | 0,0189847883 |
  | з      | 0,0177071815 |
  | б      | 0,0173560264 |
  | ч      | 0,0137772332 |
  | й      | 0,0116503790 |
  | ж      | 0,0101610831 |
  | ш      | 0,0092495741 |
  | х      | 0,0085746591 |
  | ю      | 0,0068612215 |
  | ц      | 0,0041466185 |
  | э      | 0,0029138400 |
  | щ      | 0,0028266738 |
  | ф      | 0,0023808812 |
  | ъ      | 0,0005180160 |
  | ё      | 0,0000249046 |
  -------------------------


  Матриця частот біграм (Перетин)

          а      б      в      г      д      е      ж      з      и      й      к      л      м      н      о      п      р      с      т      у      ф      х      ц      ч      ш      щ      ъ      ы      ь      э      ю      я      ё
  -------------------------------------------------------------------------------------------------------------------------------------------------------------------------------------------------------------------------------------------
а  |  0,0004 0,0015 0,0057 0,0016 0,0031 0,0016 0,0016 0,0054 0,0015 0,0011 0,0066 0,0103 0,0043 0,0079 0,0015 0,0028 0,0034 0,0062 0,0062 0,0006 0,0007 0,0013 0,0001 0,0014 0,0012 0,0003 0,0000 0,0000 0,0000 0,0003 0,0009 0,0038 0,0000 |
б  |  0,0013 0,0000 0,0000 0,0000 0,0000 0,0023 0,0000 0,0000 0,0010 0,0000 0,0004 0,0008 0,0000 0,0003 0,0028 0,0000 0,0015 0,0001 0,0000 0,0016 0,0000 0,0001 0,0000 0,0000 0,0000 0,0002 0,0001 0,0039 0,0001 0,0000 0,0000 0,0006 0,0000 |
в  |  0,0067 0,0002 0,0004 0,0004 0,0007 0,0053 0,0000 0,0007 0,0043 0,0000 0,0008 0,0013 0,0003 0,0022 0,0089 0,0010 0,0008 0,0041 0,0007 0,0009 0,0000 0,0001 0,0001 0,0002 0,0014 0,0000 0,0000 0,0034 0,0002 0,0003 0,0000 0,0002 0,0000 |
г  |  0,0013 0,0000 0,0001 0,0000 0,0011 0,0007 0,0000 0,0001 0,0011 0,0000 0,0002 0,0019 0,0000 0,0004 0,0104 0,0001 0,0017 0,0002 0,0000 0,0010 0,0000 0,0000 0,0000 0,0000 0,0000 0,0000 0,0000 0,0000 0,0000 0,0000 0,0000 0,0000 0,0000 |
д  |  0,0044 0,0001 0,0011 0,0001 0,0001 0,0051 0,0000 0,0001 0,0032 0,0000 0,0004 0,0008 0,0002 0,0021 0,0043 0,0002 0,0025 0,0005 0,0005 0,0019 0,0000 0,0001 0,0002 0,0001 0,0001 0,0000 0,0003 0,0008 0,0005 0,0000 0,0000 0,0005 0,0000 |
е  |  0,0002 0,0021 0,0034 0,0045 0,0036 0,0019 0,0013 0,0020 0,0015 0,0026 0,0022 0,0075 0,0056 0,0094 0,0015 0,0032 0,0084 0,0062 0,0051 0,0006 0,0001 0,0014 0,0004 0,0016 0,0010 0,0008 0,0000 0,0000 0,0000 0,0003 0,0005 0,0006 0,0000 |
ж  |  0,0017 0,0001 0,0000 0,0000 0,0008 0,0043 0,0000 0,0000 0,0013 0,0000 0,0001 0,0000 0,0000 0,0012 0,0001 0,0000 0,0000 0,0000 0,0000 0,0002 0,0000 0,0000 0,0000 0,0001 0,0000 0,0000 0,0000 0,0000 0,0000 0,0000 0,0001 0,0000 0,0000 |
з  |  0,0065 0,0002 0,0010 0,0006 0,0009 0,0003 0,0002 0,0001 0,0004 0,0000 0,0003 0,0003 0,0003 0,0019 0,0008 0,0002 0,0003 0,0003 0,0001 0,0004 0,0000 0,0000 0,0000 0,0000 0,0000 0,0000 0,0000 0,0006 0,0012 0,0000 0,0001 0,0006 0,0000 |
и  |  0,0004 0,0015 0,0053 0,0013 0,0031 0,0032 0,0006 0,0026 0,0020 0,0017 0,0035 0,0060 0,0042 0,0060 0,0020 0,0027 0,0014 0,0053 0,0048 0,0006 0,0002 0,0020 0,0017 0,0019 0,0006 0,0001 0,0000 0,0000 0,0000 0,0002 0,0003 0,0020 0,0000 |
й  |  0,0002 0,0004 0,0008 0,0004 0,0007 0,0001 0,0001 0,0002 0,0006 0,0000 0,0008 0,0004 0,0005 0,0010 0,0006 0,0009 0,0003 0,0017 0,0007 0,0002 0,0001 0,0001 0,0001 0,0003 0,0002 0,0000 0,0000 0,0000 0,0000 0,0001 0,0000 0,0001 0,0000 |
к  |  0,0093 0,0007 0,0007 0,0002 0,0003 0,0006 0,0002 0,0001 0,0034 0,0000 0,0005 0,0006 0,0003 0,0031 0,0104 0,0004 0,0023 0,0006 0,0008 0,0020 0,0000 0,0001 0,0000 0,0001 0,0000 0,0000 0,0000 0,0000 0,0000 0,0001 0,0000 0,0001 0,0000 |
л  |  0,0079 0,0004 0,0008 0,0004 0,0007 0,0044 0,0005 0,0002 0,0078 0,0000 0,0019 0,0002 0,0001 0,0011 0,0084 0,0009 0,0002 0,0025 0,0003 0,0015 0,0000 0,0000 0,0000 0,0006 0,0001 0,0000 0,0000 0,0014 0,0040 0,0001 0,0010 0,0021 0,0000 |
м  |  0,0034 0,0003 0,0009 0,0004 0,0004 0,0035 0,0001 0,0002 0,0052 0,0000 0,0007 0,0003 0,0002 0,0020 0,0050 0,0010 0,0002 0,0011 0,0003 0,0028 0,0001 0,0001 0,0000 0,0005 0,0001 0,0000 0,0000 0,0007 0,0000 0,0001 0,0001 0,0006 0,0000 |
н  |  0,0122 0,0003 0,0005 0,0004 0,0016 0,0104 0,0000 0,0002 0,0084 0,0000 0,0005 0,0000 0,0001 0,0039 0,0102 0,0006 0,0002 0,0010 0,0010 0,0035 0,0000 0,0001 0,0007 0,0003 0,0001 0,0002 0,0000 0,0036 0,0012 0,0001 0,0002 0,0039 0,0000 |
о  |  0,0002 0,0051 0,0119 0,0060 0,0065 0,0030 0,0023 0,0015 0,0023 0,0042 0,0034 0,0083 0,0067 0,0101 0,0022 0,0035 0,0078 0,0095 0,0089 0,0006 0,0007 0,0009 0,0002 0,0026 0,0016 0,0002 0,0000 0,0000 0,0000 0,0004 0,0010 0,0011 0,0000 |
п  |  0,0014 0,0000 0,0000 0,0000 0,0000 0,0028 0,0000 0,0000 0,0008 0,0000 0,0001 0,0008 0,0000 0,0001 0,0103 0,0001 0,0072 0,0000 0,0001 0,0007 0,0000 0,0000 0,0000 0,0000 0,0000 0,0000 0,0000 0,0002 0,0007 0,0000 0,0000 0,0005 0,0000 |
р  |  0,0097 0,0002 0,0004 0,0003 0,0005 0,0071 0,0005 0,0001 0,0065 0,0000 0,0004 0,0001 0,0003 0,0010 0,0080 0,0003 0,0001 0,0005 0,0009 0,0035 0,0000 0,0002 0,0002 0,0001 0,0003 0,0001 0,0000 0,0017 0,0009 0,0000 0,0002 0,0013 0,0000 |
с  |  0,0016 0,0002 0,0024 0,0001 0,0005 0,0041 0,0001 0,0001 0,0020 0,0000 0,0058 0,0027 0,0014 0,0012 0,0031 0,0022 0,0004 0,0011 0,0126 0,0008 0,0001 0,0002 0,0000 0,0004 0,0001 0,0000 0,0000 0,0005 0,0039 0,0001 0,0002 0,0036 0,0000 |
т  |  0,0065 0,0003 0,0030 0,0002 0,0004 0,0057 0,0001 0,0001 0,0043 0,0000 0,0008 0,0004 0,0003 0,0016 0,0154 0,0006 0,0035 0,0015 0,0003 0,0020 0,0001 0,0001 0,0002 0,0004 0,0000 0,0000 0,0000 0,0019 0,0061 0,0001 0,0001 0,0007 0,0000 |
у  |  0,0002 0,0009 0,0015 0,0017 0,0025 0,0003 0,0016 0,0011 0,0007 0,0001 0,0018 0,0020 0,0014 0,0012 0,0005 0,0013 0,0009 0,0023 0,0020 0,0001 0,0000 0,0005 0,0000 0,0013 0,0008 0,0002 0,0000 0,0000 0,0000 0,0001 0,0013 0,0002 0,0000 |
ф  |  0,0003 0,0000 0,0000 0,0000 0,0000 0,0002 0,0000 0,0000 0,0008 0,0000 0,0000 0,0001 0,0000 0,0000 0,0001 0,0000 0,0006 0,0000 0,0000 0,0001 0,0000 0,0000 0,0000 0,0000 0,0000 0,0000 0,0000 0,0000 0,0000 0,0000 0,0000 0,0000 0,0000 |
х  |  0,0011 0,0002 0,0004 0,0002 0,0002 0,0001 0,0001 0,0000 0,0005 0,0000 0,0002 0,0002 0,0002 0,0004 0,0031 0,0004 0,0002 0,0004 0,0001 0,0003 0,0000 0,0000 0,0000 0,0001 0,0000 0,0000 0,0000 0,0000 0,0000 0,0000 0,0000 0,0000 0,0000 |
ц  |  0,0007 0,0000 0,0001 0,0001 0,0000 0,0013 0,0000 0,0000 0,0003 0,0000 0,0003 0,0000 0,0000 0,0001 0,0006 0,0000 0,0000 0,0000 0,0000 0,0006 0,0000 0,0000 0,0000 0,0000 0,0000 0,0000 0,0000 0,0001 0,0000 0,0000 0,0000 0,0000 0,0000 |
ч  |  0,0026 0,0000 0,0000 0,0000 0,0000 0,0036 0,0000 0,0000 0,0015 0,0000 0,0003 0,0000 0,0000 0,0006 0,0001 0,0000 0,0000 0,0000 0,0040 0,0006 0,0000 0,0000 0,0000 0,0000 0,0001 0,0000 0,0000 0,0000 0,0002 0,0000 0,0000 0,0000 0,0000 |
ш  |  0,0015 0,0000 0,0000 0,0000 0,0000 0,0026 0,0000 0,0000 0,0021 0,0000 0,0005 0,0005 0,0000 0,0005 0,0003 0,0001 0,0000 0,0000 0,0002 0,0004 0,0000 0,0000 0,0000 0,0000 0,0000 0,0000 0,0000 0,0000 0,0005 0,0000 0,0000 0,0000 0,0000 |
щ  |  0,0005 0,0000 0,0000 0,0000 0,0000 0,0014 0,0000 0,0000 0,0008 0,0000 0,0000 0,0000 0,0000 0,0001 0,0000 0,0000 0,0000 0,0000 0,0000 0,0001 0,0000 0,0000 0,0000 0,0000 0,0000 0,0000 0,0000 0,0000 0,0000 0,0000 0,0000 0,0000 0,0000 |
ъ  |  0,0000 0,0000 0,0000 0,0000 0,0000 0,0002 0,0000 0,0000 0,0000 0,0000 0,0000 0,0000 0,0000 0,0000 0,0000 0,0000 0,0000 0,0000 0,0000 0,0000 0,0000 0,0000 0,0000 0,0000 0,0000 0,0000 0,0000 0,0000 0,0000 0,0000 0,0002 0,0001 0,0000 |
ы  |  0,0001 0,0009 0,0017 0,0002 0,0003 0,0013 0,0001 0,0002 0,0004 0,0019 0,0006 0,0025 0,0020 0,0010 0,0003 0,0006 0,0005 0,0014 0,0008 0,0001 0,0000 0,0011 0,0000 0,0003 0,0006 0,0000 0,0000 0,0000 0,0000 0,0001 0,0000 0,0001 0,0000 |
ь  |  0,0008 0,0005 0,0014 0,0004 0,0004 0,0017 0,0001 0,0004 0,0010 0,0000 0,0021 0,0002 0,0006 0,0023 0,0008 0,0010 0,0002 0,0021 0,0006 0,0002 0,0000 0,0001 0,0002 0,0005 0,0006 0,0000 0,0000 0,0000 0,0000 0,0002 0,0005 0,0006 0,0000 |
э  |  0,0000 0,0000 0,0000 0,0000 0,0000 0,0000 0,0000 0,0000 0,0000 0,0000 0,0001 0,0000 0,0000 0,0001 0,0000 0,0000 0,0001 0,0001 0,0025 0,0000 0,0000 0,0000 0,0000 0,0000 0,0000 0,0000 0,0000 0,0000 0,0000 0,0000 0,0000 0,0000 0,0000 |
ю  |  0,0001 0,0005 0,0003 0,0002 0,0006 0,0001 0,0001 0,0001 0,0004 0,0000 0,0003 0,0001 0,0002 0,0004 0,0002 0,0003 0,0003 0,0005 0,0007 0,0001 0,0000 0,0000 0,0001 0,0003 0,0001 0,0005 0,0000 0,0000 0,0000 0,0000 0,0001 0,0001 0,0000 |
я  |  0,0004 0,0005 0,0016 0,0008 0,0014 0,0005 0,0007 0,0021 0,0010 0,0000 0,0012 0,0012 0,0008 0,0023 0,0008 0,0012 0,0003 0,0023 0,0022 0,0003 0,0001 0,0002 0,0001 0,0005 0,0001 0,0002 0,0000 0,0000 0,0000 0,0002 0,0001 0,0004 0,0000 |
ё  |  0,0000 0,0000 0,0000 0,0000 0,0000 0,0000 0,0000 0,0000 0,0000 0,0000 0,0000 0,0000 0,0000 0,0000 0,0000 0,0000 0,0000 0,0000 0,0000 0,0000 0,0000 0,0000 0,0000 0,0000 0,0000 0,0000 0,0000 0,0000 0,0000 0,0000 0,0000 0,0000 0,0000 |
  -------------------------------------------------------------------------------------------------------------------------------------------------------------------------------------------------------------------------------------------


  Матриця частот біграм (Без перетину)

          а      б      в      г      д      е      ж      з      и      й      к      л      м      н      о      п      р      с      т      у      ф      х      ц      ч      ш      щ      ъ      ы      ь      э      ю      я      ё
  -------------------------------------------------------------------------------------------------------------------------------------------------------------------------------------------------------------------------------------------
а  |  0,0004 0,0014 0,0057 0,0016 0,0032 0,0016 0,0015 0,0054 0,0014 0,0011 0,0067 0,0104 0,0042 0,0078 0,0014 0,0028 0,0034 0,0063 0,0060 0,0006 0,0008 0,0014 0,0001 0,0014 0,0012 0,0003 0,0000 0,0000 0,0000 0,0003 0,0009 0,0038 0,0000 |
б  |  0,0014 0,0000 0,0000 0,0000 0,0000 0,0022 0,0000 0,0000 0,0010 0,0000 0,0004 0,0008 0,0000 0,0003 0,0029 0,0000 0,0015 0,0001 0,0000 0,0017 0,0000 0,0001 0,0000 0,0000 0,0000 0,0001 0,0001 0,0040 0,0000 0,0000 0,0000 0,0006 0,0000 |
в  |  0,0067 0,0003 0,0004 0,0004 0,0006 0,0053 0,0000 0,0007 0,0044 0,0000 0,0008 0,0013 0,0003 0,0023 0,0090 0,0010 0,0008 0,0040 0,0007 0,0009 0,0000 0,0001 0,0001 0,0003 0,0014 0,0000 0,0000 0,0034 0,0002 0,0003 0,0000 0,0002 0,0000 |
г  |  0,0013 0,0000 0,0001 0,0000 0,0010 0,0007 0,0000 0,0001 0,0010 0,0000 0,0002 0,0020 0,0000 0,0004 0,0105 0,0001 0,0018 0,0001 0,0000 0,0011 0,0000 0,0000 0,0000 0,0000 0,0000 0,0000 0,0000 0,0000 0,0000 0,0000 0,0000 0,0000 0,0000 |
д  |  0,0046 0,0001 0,0011 0,0001 0,0001 0,0052 0,0000 0,0001 0,0032 0,0000 0,0003 0,0007 0,0002 0,0022 0,0044 0,0002 0,0025 0,0005 0,0006 0,0017 0,0000 0,0001 0,0002 0,0001 0,0001 0,0000 0,0003 0,0007 0,0005 0,0000 0,0000 0,0005 0,0000 |
е  |  0,0002 0,0020 0,0036 0,0044 0,0036 0,0018 0,0013 0,0021 0,0015 0,0026 0,0021 0,0075 0,0056 0,0096 0,0016 0,0032 0,0083 0,0063 0,0050 0,0006 0,0001 0,0014 0,0003 0,0016 0,0010 0,0008 0,0000 0,0000 0,0000 0,0003 0,0005 0,0006 0,0000 |
ж  |  0,0016 0,0001 0,0000 0,0000 0,0008 0,0042 0,0000 0,0000 0,0013 0,0000 0,0001 0,0000 0,0000 0,0012 0,0001 0,0000 0,0000 0,0000 0,0000 0,0002 0,0000 0,0000 0,0000 0,0001 0,0000 0,0000 0,0000 0,0000 0,0000 0,0000 0,0001 0,0000 0,0000 |
з  |  0,0066 0,0002 0,0010 0,0006 0,0009 0,0003 0,0002 0,0001 0,0004 0,0000 0,0003 0,0002 0,0003 0,0019 0,0008 0,0002 0,0003 0,0003 0,0001 0,0004 0,0000 0,0000 0,0000 0,0000 0,0000 0,0000 0,0000 0,0006 0,0012 0,0000 0,0001 0,0006 0,0000 |
и  |  0,0004 0,0015 0,0053 0,0013 0,0032 0,0031 0,0006 0,0026 0,0020 0,0016 0,0036 0,0059 0,0042 0,0059 0,0019 0,0027 0,0014 0,0052 0,0049 0,0006 0,0001 0,0021 0,0017 0,0018 0,0006 0,0002 0,0000 0,0000 0,0000 0,0002 0,0003 0,0020 0,0000 |
й  |  0,0002 0,0005 0,0008 0,0003 0,0007 0,0001 0,0001 0,0002 0,0006 0,0000 0,0008 0,0004 0,0005 0,0010 0,0007 0,0009 0,0004 0,0017 0,0008 0,0002 0,0001 0,0001 0,0001 0,0003 0,0002 0,0000 0,0000 0,0000 0,0000 0,0001 0,0000 0,0001 0,0000 |
к  |  0,0092 0,0007 0,0007 0,0002 0,0003 0,0007 0,0001 0,0001 0,0035 0,0000 0,0005 0,0006 0,0003 0,0032 0,0101 0,0004 0,0024 0,0006 0,0008 0,0020 0,0000 0,0001 0,0000 0,0001 0,0000 0,0000 0,0000 0,0000 0,0000 0,0001 0,0000 0,0001 0,0000 |
л  |  0,0079 0,0005 0,0008 0,0003 0,0007 0,0045 0,0005 0,0002 0,0077 0,0000 0,0018 0,0002 0,0001 0,0012 0,0085 0,0009 0,0002 0,0024 0,0003 0,0015 0,0000 0,0000 0,0000 0,0006 0,0001 0,0000 0,0000 0,0015 0,0041 0,0001 0,0010 0,0021 0,0000 |
м  |  0,0034 0,0003 0,0010 0,0005 0,0003 0,0037 0,0001 0,0002 0,0054 0,0000 0,0007 0,0003 0,0002 0,0021 0,0051 0,0010 0,0002 0,0010 0,0003 0,0028 0,0001 0,0001 0,0000 0,0005 0,0001 0,0000 0,0000 0,0007 0,0000 0,0001 0,0001 0,0006 0,0000 |
н  |  0,0123 0,0003 0,0005 0,0004 0,0016 0,0102 0,0000 0,0002 0,0082 0,0000 0,0005 0,0000 0,0001 0,0038 0,0101 0,0006 0,0002 0,0010 0,0011 0,0036 0,0000 0,0000 0,0006 0,0003 0,0001 0,0002 0,0000 0,0038 0,0012 0,0001 0,0002 0,0038 0,0000 |
о  |  0,0002 0,0052 0,0118 0,0060 0,0066 0,0030 0,0024 0,0015 0,0023 0,0042 0,0035 0,0082 0,0067 0,0103 0,0023 0,0036 0,0076 0,0093 0,0089 0,0006 0,0007 0,0009 0,0001 0,0026 0,0016 0,0001 0,0000 0,0000 0,0000 0,0004 0,0011 0,0011 0,0000 |
п  |  0,0014 0,0000 0,0000 0,0000 0,0000 0,0027 0,0000 0,0000 0,0008 0,0000 0,0001 0,0008 0,0000 0,0001 0,0103 0,0002 0,0070 0,0000 0,0001 0,0007 0,0000 0,0000 0,0000 0,0000 0,0000 0,0000 0,0000 0,0002 0,0007 0,0000 0,0000 0,0004 0,0000 |
р  |  0,0096 0,0002 0,0004 0,0003 0,0005 0,0071 0,0006 0,0001 0,0068 0,0000 0,0004 0,0001 0,0003 0,0011 0,0081 0,0003 0,0001 0,0005 0,0009 0,0035 0,0000 0,0002 0,0001 0,0001 0,0003 0,0001 0,0000 0,0017 0,0009 0,0000 0,0002 0,0013 0,0000 |
с  |  0,0017 0,0002 0,0023 0,0001 0,0005 0,0042 0,0001 0,0001 0,0020 0,0000 0,0059 0,0028 0,0013 0,0012 0,0031 0,0022 0,0003 0,0012 0,0127 0,0009 0,0001 0,0003 0,0000 0,0004 0,0001 0,0000 0,0000 0,0005 0,0038 0,0001 0,0002 0,0037 0,0000 |
т  |  0,0064 0,0003 0,0029 0,0002 0,0004 0,0055 0,0001 0,0001 0,0044 0,0000 0,0007 0,0003 0,0003 0,0016 0,0154 0,0007 0,0035 0,0015 0,0003 0,0020 0,0000 0,0001 0,0002 0,0004 0,0000 0,0000 0,0000 0,0019 0,0062 0,0002 0,0001 0,0008 0,0000 |
у  |  0,0002 0,0009 0,0015 0,0018 0,0024 0,0003 0,0016 0,0011 0,0008 0,0001 0,0018 0,0019 0,0013 0,0012 0,0005 0,0014 0,0008 0,0023 0,0019 0,0001 0,0000 0,0005 0,0000 0,0012 0,0009 0,0002 0,0000 0,0000 0,0000 0,0001 0,0013 0,0002 0,0000 |
ф  |  0,0003 0,0000 0,0000 0,0000 0,0000 0,0002 0,0000 0,0000 0,0008 0,0000 0,0000 0,0001 0,0000 0,0000 0,0001 0,0000 0,0006 0,0000 0,0000 0,0001 0,0000 0,0000 0,0000 0,0000 0,0000 0,0000 0,0000 0,0000 0,0000 0,0000 0,0000 0,0000 0,0000 |
х  |  0,0011 0,0002 0,0004 0,0001 0,0002 0,0001 0,0000 0,0000 0,0005 0,0000 0,0002 0,0002 0,0002 0,0004 0,0030 0,0004 0,0003 0,0004 0,0001 0,0003 0,0000 0,0000 0,0000 0,0001 0,0000 0,0000 0,0000 0,0000 0,0000 0,0000 0,0000 0,0001 0,0000 |
ц  |  0,0008 0,0000 0,0001 0,0001 0,0000 0,0014 0,0000 0,0000 0,0003 0,0000 0,0003 0,0000 0,0000 0,0001 0,0005 0,0000 0,0000 0,0000 0,0000 0,0006 0,0000 0,0000 0,0000 0,0000 0,0000 0,0000 0,0000 0,0001 0,0000 0,0000 0,0000 0,0000 0,0000 |
ч  |  0,0026 0,0000 0,0000 0,0000 0,0000 0,0036 0,0000 0,0000 0,0016 0,0000 0,0003 0,0000 0,0000 0,0006 0,0001 0,0000 0,0000 0,0000 0,0041 0,0006 0,0000 0,0000 0,0000 0,0000 0,0001 0,0000 0,0000 0,0000 0,0002 0,0000 0,0000 0,0000 0,0000 |
ш  |  0,0014 0,0000 0,0001 0,0000 0,0000 0,0026 0,0000 0,0000 0,0022 0,0000 0,0005 0,0005 0,0000 0,0004 0,0003 0,0001 0,0000 0,0000 0,0002 0,0003 0,0000 0,0000 0,0000 0,0000 0,0000 0,0000 0,0000 0,0000 0,0005 0,0000 0,0000 0,0000 0,0000 |
щ  |  0,0005 0,0000 0,0000 0,0000 0,0000 0,0013 0,0000 0,0000 0,0008 0,0000 0,0000 0,0000 0,0000 0,0001 0,0000 0,0000 0,0000 0,0000 0,0000 0,0000 0,0000 0,0000 0,0000 0,0000 0,0000 0,0000 0,0000 0,0000 0,0000 0,0000 0,0000 0,0000 0,0000 |
ъ  |  0,0000 0,0000 0,0000 0,0000 0,0000 0,0003 0,0000 0,0000 0,0000 0,0000 0,0000 0,0000 0,0000 0,0000 0,0000 0,0000 0,0000 0,0000 0,0000 0,0000 0,0000 0,0000 0,0000 0,0000 0,0000 0,0000 0,0000 0,0000 0,0000 0,0000 0,0002 0,0001 0,0000 |
ы  |  0,0001 0,0009 0,0017 0,0002 0,0003 0,0013 0,0000 0,0002 0,0004 0,0019 0,0005 0,0025 0,0019 0,0010 0,0003 0,0007 0,0005 0,0015 0,0008 0,0001 0,0000 0,0011 0,0000 0,0003 0,0007 0,0000 0,0000 0,0000 0,0000 0,0000 0,0000 0,0001 0,0000 |
ь  |  0,0008 0,0005 0,0014 0,0003 0,0004 0,0016 0,0001 0,0004 0,0010 0,0000 0,0021 0,0002 0,0006 0,0025 0,0008 0,0012 0,0002 0,0020 0,0006 0,0003 0,0000 0,0001 0,0001 0,0005 0,0006 0,0000 0,0000 0,0000 0,0000 0,0002 0,0005 0,0006 0,0000 |
э  |  0,0000 0,0000 0,0000 0,0000 0,0000 0,0000 0,0000 0,0000 0,0000 0,0000 0,0001 0,0000 0,0000 0,0001 0,0000 0,0000 0,0001 0,0001 0,0024 0,0000 0,0000 0,0000 0,0000 0,0000 0,0000 0,0000 0,0000 0,0000 0,0000 0,0000 0,0000 0,0000 0,0000 |
ю  |  0,0001 0,0005 0,0003 0,0002 0,0005 0,0000 0,0001 0,0001 0,0004 0,0000 0,0003 0,0001 0,0002 0,0004 0,0002 0,0003 0,0002 0,0005 0,0007 0,0001 0,0000 0,0000 0,0001 0,0003 0,0001 0,0005 0,0000 0,0000 0,0000 0,0001 0,0001 0,0000 0,0000 |
я  |  0,0004 0,0005 0,0016 0,0007 0,0013 0,0005 0,0007 0,0022 0,0010 0,0000 0,0011 0,0012 0,0008 0,0023 0,0008 0,0012 0,0002 0,0023 0,0022 0,0003 0,0001 0,0002 0,0000 0,0006 0,0001 0,0002 0,0000 0,0000 0,0000 0,0002 0,0001 0,0005 0,0000 |
ё  |  0,0000 0,0000 0,0000 0,0000 0,0000 0,0000 0,0000 0,0000 0,0000 0,0000 0,0000 0,0000 0,0000 0,0000 0,0000 0,0000 0,0000 0,0000 0,0000 0,0000 0,0000 0,0000 0,0000 0,0000 0,0000 0,0000 0,0000 0,0000 0,0000 0,0000 0,0000 0,0000 0,0000 |
  -------------------------------------------------------------------------------------------------------------------------------------------------------------------------------------------------------------------------------------------

